{
 "cells": [
  {
   "cell_type": "markdown",
   "id": "ed78b0cf",
   "metadata": {},
   "source": [
    "# ===============================================================\n",
    "\n",
    "#  False Positives for PLATO Space Mission\n",
    "\n",
    "## Fernando Gutiérrez-Canales\n",
    "\n",
    "## July 22, 2022\n",
    "\n",
    "# ==============================================================="
   ]
  },
  {
   "cell_type": "code",
   "execution_count": 1,
   "id": "4c26bbc3",
   "metadata": {},
   "outputs": [],
   "source": [
    "# First , let's import main libraries\n",
    "import numpy as np\n",
    "import matplotlib.pyplot as plt\n",
    "%matplotlib inline"
   ]
  },
  {
   "cell_type": "code",
   "execution_count": 2,
   "id": "19ceff57",
   "metadata": {},
   "outputs": [],
   "source": [
    "# Reading the CSV file\n",
    "CSVData = open('foo.csv')"
   ]
  },
  {
   "cell_type": "code",
   "execution_count": 3,
   "id": "7ab16da7",
   "metadata": {},
   "outputs": [],
   "source": [
    "imagette = np.loadtxt(CSVData, delimiter = ' ')"
   ]
  },
  {
   "cell_type": "code",
   "execution_count": 4,
   "id": "049b58ab",
   "metadata": {},
   "outputs": [
    {
     "data": {
      "text/plain": [
       "array([[1.82201907e-04, 7.08893857e-04, 5.38741385e-04, 1.13054410e-04,\n",
       "        4.55657155e-05, 2.02242419e-05],\n",
       "       [9.63166003e-04, 4.36863721e-03, 1.64797518e-01, 2.89924241e-03,\n",
       "        7.03515551e-05, 3.16968727e-05],\n",
       "       [8.23952536e-03, 6.56999394e-02, 4.86640439e-01, 6.85273463e-02,\n",
       "        1.92934051e-04, 4.83670433e-05],\n",
       "       [2.56578682e-03, 2.18401448e-02, 1.46889077e-01, 6.60285636e-03,\n",
       "        1.07829035e-04, 4.36430239e-05],\n",
       "       [7.26154233e-04, 3.81665122e-03, 9.28162794e-03, 5.79236818e-04,\n",
       "        4.92558749e-05, 1.99461212e-05],\n",
       "       [1.22924670e-04, 3.15069832e-04, 3.24281357e-04, 9.43811697e-05,\n",
       "        2.06683375e-05, 8.45411150e-06]])"
      ]
     },
     "execution_count": 4,
     "metadata": {},
     "output_type": "execute_result"
    }
   ],
   "source": [
    "imagette"
   ]
  },
  {
   "cell_type": "markdown",
   "id": "25b5a906",
   "metadata": {},
   "source": [
    "## Playing with the 2-D array, for the very first time!!"
   ]
  },
  {
   "cell_type": "code",
   "execution_count": 9,
   "id": "37ba4b20",
   "metadata": {},
   "outputs": [
    {
     "data": {
      "text/plain": [
       "(array([2]), array([2]))"
      ]
     },
     "execution_count": 9,
     "metadata": {},
     "output_type": "execute_result"
    }
   ],
   "source": [
    "np.where(imagette == np.amax(imagette))"
   ]
  },
  {
   "cell_type": "code",
   "execution_count": 12,
   "id": "82a14650",
   "metadata": {},
   "outputs": [
    {
     "data": {
      "text/plain": [
       "2.022424188889371e-05"
      ]
     },
     "execution_count": 12,
     "metadata": {},
     "output_type": "execute_result"
    }
   ],
   "source": [
    "imagette[0][5]"
   ]
  },
  {
   "cell_type": "code",
   "execution_count": 16,
   "id": "e1329921",
   "metadata": {},
   "outputs": [
    {
     "name": "stdout",
     "output_type": "stream",
     "text": [
      "0.0001822019070766626 0.0007088938568610306 0.0005387413852702995 0.00011305441011742105 4.55657155122674e-05 2.022424188889371e-05 \n",
      "0.000963166002764267 0.004368637213413645 0.16479751818497906 0.0028992424051936146 7.035155514164601e-05 3.1696872676299614e-05 \n",
      "0.008239525361572813 0.0656999393908921 0.48664043926038647 0.068527346282759 0.00019293405098906645 4.836704334722885e-05 \n",
      "0.0025657868192158766 0.021840144845526713 0.14688907731336187 0.006602856362618818 0.00010782903483267155 4.364302387397172e-05 \n",
      "0.0007261542329589604 0.0038166512171154037 0.009281627938709128 0.0005792368182663495 4.9255874856723966e-05 1.994612116385154e-05 \n",
      "0.0001229246698721252 0.0003150698317873877 0.00032428135749140816 9.438116970029185e-05 2.066833746537701e-05 8.454111498273006e-06 \n"
     ]
    }
   ],
   "source": [
    "for a in imagette:\n",
    "    for b in a:\n",
    "        print(b, end = \" \")\n",
    "    print()"
   ]
  },
  {
   "cell_type": "code",
   "execution_count": 17,
   "id": "d6d6d203",
   "metadata": {},
   "outputs": [],
   "source": [
    "#Multiplying by the reference flux for one camera (7046.930689671467 e-/s) then for the 24 cameras (24) and then for the integration time (21s):\n",
    "def flux_pixel_target(a):\n",
    "    f_pix_t = a*3551653.0675944197\n",
    "    return f_pix_t"
   ]
  },
  {
   "cell_type": "code",
   "execution_count": 18,
   "id": "0abff00e",
   "metadata": {},
   "outputs": [],
   "source": [
    "f_pix_t = flux_pixel_target(imagette)"
   ]
  },
  {
   "cell_type": "code",
   "execution_count": 19,
   "id": "91ece1f5",
   "metadata": {},
   "outputs": [
    {
     "data": {
      "text/plain": [
       "array([[6.47117962e+02, 2.51774504e+03, 1.91342249e+03, 4.01530042e+02,\n",
       "        1.61833613e+02, 7.18294907e+01],\n",
       "       [3.42083149e+03, 1.55158838e+04, 5.85303611e+05, 1.02971032e+04,\n",
       "        2.49864317e+02, 1.12576295e+02],\n",
       "       [2.92639355e+04, 2.33343391e+05, 1.72837801e+06, 2.43385360e+05,\n",
       "        6.85234814e+02, 1.71782958e+02],\n",
       "       [9.11278463e+03, 7.75686174e+04, 5.21699042e+05, 2.34510551e+04,\n",
       "        3.82971322e+02, 1.55004880e+02],\n",
       "       [2.57904791e+03, 1.35554210e+04, 3.29651223e+04, 2.05724822e+03,\n",
       "        1.74939779e+02, 7.08417024e+01],\n",
       "       [4.36585781e+02, 1.11901873e+03, 1.15173488e+03, 3.35209171e+02,\n",
       "        7.34067642e+01, 3.00260710e+01]])"
      ]
     },
     "execution_count": 19,
     "metadata": {},
     "output_type": "execute_result"
    }
   ],
   "source": [
    "f_pix_t"
   ]
  },
  {
   "cell_type": "code",
   "execution_count": 21,
   "id": "2f4cb96f",
   "metadata": {},
   "outputs": [
    {
     "data": {
      "text/plain": [
       "(array([2]), array([2]))"
      ]
     },
     "execution_count": 21,
     "metadata": {},
     "output_type": "execute_result"
    }
   ],
   "source": [
    "np.where(f_pix_t == np.amax(f_pix_t))"
   ]
  },
  {
   "cell_type": "code",
   "execution_count": 22,
   "id": "f492286e",
   "metadata": {},
   "outputs": [
    {
     "data": {
      "text/plain": [
       "1728378.0089146474"
      ]
     },
     "execution_count": 22,
     "metadata": {},
     "output_type": "execute_result"
    }
   ],
   "source": [
    "np.amax(f_pix_t)"
   ]
  },
  {
   "cell_type": "code",
   "execution_count": 43,
   "id": "8f352ad1",
   "metadata": {},
   "outputs": [
    {
     "data": {
      "text/plain": [
       "array([[6.47117962e+02, 2.51774504e+03, 1.91342249e+03, 4.01530042e+02,\n",
       "        1.61833613e+02, 7.18294907e+01],\n",
       "       [3.42083149e+03, 1.55158838e+04, 5.85303611e+05, 1.02971032e+04,\n",
       "        2.49864317e+02, 1.12576295e+02],\n",
       "       [2.92639355e+04, 2.33343391e+05, 1.72837801e+06, 2.43385360e+05,\n",
       "        6.85234814e+02, 1.71782958e+02],\n",
       "       [9.11278463e+03, 7.75686174e+04, 5.21699042e+05, 2.34510551e+04,\n",
       "        3.82971322e+02, 1.55004880e+02],\n",
       "       [2.57904791e+03, 1.35554210e+04, 3.29651223e+04, 2.05724822e+03,\n",
       "        1.74939779e+02, 7.08417024e+01],\n",
       "       [4.36585781e+02, 1.11901873e+03, 1.15173488e+03, 3.35209171e+02,\n",
       "        7.34067642e+01, 3.00260710e+01]])"
      ]
     },
     "execution_count": 43,
     "metadata": {},
     "output_type": "execute_result"
    }
   ],
   "source": [
    "f_pix_t"
   ]
  },
  {
   "cell_type": "code",
   "execution_count": 23,
   "id": "3146a31f",
   "metadata": {},
   "outputs": [
    {
     "name": "stdout",
     "output_type": "stream",
     "text": [
      "[[6.47117962e+02 2.51774504e+03 1.91342249e+03 4.01530042e+02\n",
      "  1.61833613e+02 7.18294907e+01]\n",
      " [3.42083149e+03 1.55158838e+04 5.85303611e+05 1.02971032e+04\n",
      "  2.49864317e+02 1.12576295e+02]\n",
      " [2.92639355e+04 2.33343391e+05 1.72837801e+06 2.43385360e+05\n",
      "  6.85234814e+02 1.71782958e+02]\n",
      " [9.11278463e+03 7.75686174e+04 5.21699042e+05 2.34510551e+04\n",
      "  3.82971322e+02 1.55004880e+02]\n",
      " [2.57904791e+03 1.35554210e+04 3.29651223e+04 2.05724822e+03\n",
      "  1.74939779e+02 7.08417024e+01]\n",
      " [4.36585781e+02 1.11901873e+03 1.15173488e+03 3.35209171e+02\n",
      "  7.34067642e+01 3.00260710e+01]]\n"
     ]
    }
   ],
   "source": [
    "print(f_pix_t)"
   ]
  },
  {
   "cell_type": "code",
   "execution_count": 44,
   "id": "c063da71",
   "metadata": {},
   "outputs": [],
   "source": [
    "# Function to sort the matrix\n",
    "def sortMat(data, row, col):\n",
    "     \n",
    "    # Number of elements in matrix\n",
    "    size = row * col\n",
    "     \n",
    "    # Loop to sort the matrix\n",
    "    # using Bubble Sort\n",
    "    for i in range(0, size):\n",
    "        for j in range(0, size-1):\n",
    "             \n",
    "            # Condition to check\n",
    "            # if the Adjacent elements\n",
    "            if ( data[j//col][j % col] >\\\n",
    "                data[(j + 1)//col][(j + 1)% col] ):\n",
    "                 \n",
    "                # Swap if previous value is greater\n",
    "                temp = data[j//col][j % col]\n",
    "                data[j//col][j % col] =\\\n",
    "                    data[(j + 1)//col][(j + 1)% col]\n",
    "                data[(j + 1)//col][(j + 1)% col] =\\\n",
    "                                 temp"
   ]
  },
  {
   "cell_type": "code",
   "execution_count": 51,
   "id": "41b59121",
   "metadata": {},
   "outputs": [],
   "source": [
    "n = [] \n",
    "def printMat(mat, row, col):\n",
    "    \n",
    "    # Loop to print the matrix\n",
    "    for i in range(row):\n",
    "        for j in range(col):\n",
    "            n.append(mat[i][j])\n",
    "            #print(mat[i][j], end =\" \")\n",
    "        #print()"
   ]
  },
  {
   "cell_type": "code",
   "execution_count": 52,
   "id": "4d86c151",
   "metadata": {},
   "outputs": [],
   "source": [
    "# Driver Code\n",
    "if __name__ == \"__main__\":\n",
    "    mat = [[6.47117962e+02, 2.51774504e+03, 1.91342249e+03, 4.01530042e+02,\n",
    "        1.61833613e+02, 7.18294907e+01],\n",
    "       [3.42083149e+03, 1.55158838e+04, 5.85303611e+05, 1.02971032e+04,\n",
    "        2.49864317e+02, 1.12576295e+02],\n",
    "       [2.92639355e+04, 2.33343391e+05, 1.72837801e+06, 2.43385360e+05,\n",
    "        6.85234814e+02, 1.71782958e+02],\n",
    "       [9.11278463e+03, 7.75686174e+04, 5.21699042e+05, 2.34510551e+04,\n",
    "        3.82971322e+02, 1.55004880e+02],\n",
    "       [2.57904791e+03, 1.35554210e+04, 3.29651223e+04, 2.05724822e+03,\n",
    "        1.74939779e+02, 7.08417024e+01],\n",
    "       [4.36585781e+02, 1.11901873e+03, 1.15173488e+03, 3.35209171e+02,\n",
    "        7.34067642e+01, 3.00260710e+01]]\n",
    "    row = len(mat)\n",
    "    col = len(mat[0])\n",
    "     \n",
    "    # Function call to sort\n",
    "    sortMat(mat, row, col)\n",
    "     \n",
    "    # Function call to\n",
    "    # print matrix\n",
    "    printMat(mat, row, col)"
   ]
  },
  {
   "cell_type": "code",
   "execution_count": 54,
   "id": "f420c291",
   "metadata": {},
   "outputs": [],
   "source": [
    "n = np.array(n)"
   ]
  },
  {
   "cell_type": "code",
   "execution_count": 56,
   "id": "73019567",
   "metadata": {},
   "outputs": [],
   "source": [
    "n = np.reshape(n, (-1,6))"
   ]
  },
  {
   "cell_type": "code",
   "execution_count": 57,
   "id": "b01c7f33",
   "metadata": {},
   "outputs": [
    {
     "data": {
      "text/plain": [
       "array([[3.00260710e+01, 7.08417024e+01, 7.18294907e+01, 7.34067642e+01,\n",
       "        1.12576295e+02, 1.55004880e+02],\n",
       "       [1.61833613e+02, 1.71782958e+02, 1.74939779e+02, 2.49864317e+02,\n",
       "        3.35209171e+02, 3.82971322e+02],\n",
       "       [4.01530042e+02, 4.36585781e+02, 6.47117962e+02, 6.85234814e+02,\n",
       "        1.11901873e+03, 1.15173488e+03],\n",
       "       [1.91342249e+03, 2.05724822e+03, 2.51774504e+03, 2.57904791e+03,\n",
       "        3.42083149e+03, 9.11278463e+03],\n",
       "       [1.02971032e+04, 1.35554210e+04, 1.55158838e+04, 2.34510551e+04,\n",
       "        2.92639355e+04, 3.29651223e+04],\n",
       "       [7.75686174e+04, 2.33343391e+05, 2.43385360e+05, 5.21699042e+05,\n",
       "        5.85303611e+05, 1.72837801e+06]])"
      ]
     },
     "execution_count": 57,
     "metadata": {},
     "output_type": "execute_result"
    }
   ],
   "source": [
    "n"
   ]
  },
  {
   "cell_type": "code",
   "execution_count": null,
   "id": "fe223c9f",
   "metadata": {},
   "outputs": [],
   "source": [
    "def printMat(mat, row, col):\n",
    "     \n",
    "    # Loop to print the matrix\n",
    "    for i in range(row):\n",
    "        for j in range(col):\n",
    "            print(mat[i][j], end =\" \")\n",
    "        print()"
   ]
  },
  {
   "cell_type": "code",
   "execution_count": 47,
   "id": "038dc95f",
   "metadata": {},
   "outputs": [
    {
     "name": "stdout",
     "output_type": "stream",
     "text": [
      "30.026071 70.8417024 71.8294907 73.4067642 112.576295 155.00488 \n",
      "161.833613 171.782958 174.939779 249.864317 335.209171 382.971322 \n",
      "401.530042 436.585781 647.117962 685.234814 1119.01873 1151.73488 \n",
      "1913.42249 2057.24822 2517.74504 2579.04791 3420.83149 9112.78463 \n",
      "10297.1032 13555.421 15515.8838 23451.0551 29263.9355 32965.1223 \n",
      "77568.6174 233343.391 243385.36 521699.042 585303.611 1728378.01 \n"
     ]
    }
   ],
   "source": [
    "# Driver Code\n",
    "if __name__ == \"__main__\":\n",
    "    mat = [[6.47117962e+02, 2.51774504e+03, 1.91342249e+03, 4.01530042e+02,\n",
    "        1.61833613e+02, 7.18294907e+01],\n",
    "       [3.42083149e+03, 1.55158838e+04, 5.85303611e+05, 1.02971032e+04,\n",
    "        2.49864317e+02, 1.12576295e+02],\n",
    "       [2.92639355e+04, 2.33343391e+05, 1.72837801e+06, 2.43385360e+05,\n",
    "        6.85234814e+02, 1.71782958e+02],\n",
    "       [9.11278463e+03, 7.75686174e+04, 5.21699042e+05, 2.34510551e+04,\n",
    "        3.82971322e+02, 1.55004880e+02],\n",
    "       [2.57904791e+03, 1.35554210e+04, 3.29651223e+04, 2.05724822e+03,\n",
    "        1.74939779e+02, 7.08417024e+01],\n",
    "       [4.36585781e+02, 1.11901873e+03, 1.15173488e+03, 3.35209171e+02,\n",
    "        7.34067642e+01, 3.00260710e+01]]\n",
    "    row = len(mat)\n",
    "    col = len(mat[0])\n",
    "     \n",
    "    # Function call to sort\n",
    "    sortMat(mat, row, col)\n",
    "     \n",
    "    # Function call to\n",
    "    # print matrix\n",
    "    printMat(mat, row, col)"
   ]
  },
  {
   "cell_type": "code",
   "execution_count": 46,
   "id": "a37bd4c4",
   "metadata": {},
   "outputs": [
    {
     "name": "stdout",
     "output_type": "stream",
     "text": [
      "1 2 3 \n",
      "4 5 6 \n",
      "7 8 9 \n"
     ]
    }
   ],
   "source": [
    "# Driver Code\n",
    "if __name__ == \"__main__\":\n",
    "    mat = [ [5, 4, 7],\n",
    "            [1, 3, 8],\n",
    "            [2, 9, 6] ]\n",
    "    row = len(mat)\n",
    "    col = len(mat[0])\n",
    "     \n",
    "    # Function call to sort\n",
    "    sortMat(mat, row, col)\n",
    "     \n",
    "    # Function call to\n",
    "    # print matrix\n",
    "    printMat(mat, row, col)"
   ]
  },
  {
   "cell_type": "code",
   "execution_count": 41,
   "id": "4c403224",
   "metadata": {},
   "outputs": [],
   "source": [
    "f_pix_sorted = -np.sort(-f_pix_t, axis = 1)"
   ]
  },
  {
   "cell_type": "code",
   "execution_count": 42,
   "id": "713488e0",
   "metadata": {},
   "outputs": [
    {
     "data": {
      "text/plain": [
       "array([[2.51774504e+03, 1.91342249e+03, 6.47117962e+02, 4.01530042e+02,\n",
       "        1.61833613e+02, 7.18294907e+01],\n",
       "       [5.85303611e+05, 1.55158838e+04, 1.02971032e+04, 3.42083149e+03,\n",
       "        2.49864317e+02, 1.12576295e+02],\n",
       "       [1.72837801e+06, 2.43385360e+05, 2.33343391e+05, 2.92639355e+04,\n",
       "        6.85234814e+02, 1.71782958e+02],\n",
       "       [5.21699042e+05, 7.75686174e+04, 2.34510551e+04, 9.11278463e+03,\n",
       "        3.82971322e+02, 1.55004880e+02],\n",
       "       [3.29651223e+04, 1.35554210e+04, 2.57904791e+03, 2.05724822e+03,\n",
       "        1.74939779e+02, 7.08417024e+01],\n",
       "       [1.15173488e+03, 1.11901873e+03, 4.36585781e+02, 3.35209171e+02,\n",
       "        7.34067642e+01, 3.00260710e+01]])"
      ]
     },
     "execution_count": 42,
     "metadata": {},
     "output_type": "execute_result"
    }
   ],
   "source": [
    "f_pix_sorted"
   ]
  },
  {
   "cell_type": "code",
   "execution_count": 40,
   "id": "77438fed",
   "metadata": {},
   "outputs": [
    {
     "data": {
      "text/plain": [
       "numpy.ndarray"
      ]
     },
     "execution_count": 40,
     "metadata": {},
     "output_type": "execute_result"
    }
   ],
   "source": [
    "type(f_pix_sorted)"
   ]
  },
  {
   "cell_type": "markdown",
   "id": "3fd7d7b1",
   "metadata": {},
   "source": [
    "## Now it will be more useful to have this 2-D array converted into a 1-D array, for doing that"
   ]
  },
  {
   "cell_type": "code",
   "execution_count": 36,
   "id": "27186d05",
   "metadata": {},
   "outputs": [],
   "source": [
    "f_pix_sorted = -np.sort(-f_pix_t, axis = None)"
   ]
  },
  {
   "cell_type": "code",
   "execution_count": 37,
   "id": "47486faa",
   "metadata": {},
   "outputs": [
    {
     "data": {
      "text/plain": [
       "array([1.72837801e+06, 5.85303611e+05, 5.21699042e+05, 2.43385360e+05,\n",
       "       2.33343391e+05, 7.75686174e+04, 3.29651223e+04, 2.92639355e+04,\n",
       "       2.34510551e+04, 1.55158838e+04, 1.35554210e+04, 1.02971032e+04,\n",
       "       9.11278463e+03, 3.42083149e+03, 2.57904791e+03, 2.51774504e+03,\n",
       "       2.05724822e+03, 1.91342249e+03, 1.15173488e+03, 1.11901873e+03,\n",
       "       6.85234814e+02, 6.47117962e+02, 4.36585781e+02, 4.01530042e+02,\n",
       "       3.82971322e+02, 3.35209171e+02, 2.49864317e+02, 1.74939779e+02,\n",
       "       1.71782958e+02, 1.61833613e+02, 1.55004880e+02, 1.12576295e+02,\n",
       "       7.34067642e+01, 7.18294907e+01, 7.08417024e+01, 3.00260710e+01])"
      ]
     },
     "execution_count": 37,
     "metadata": {},
     "output_type": "execute_result"
    }
   ],
   "source": [
    "f_pix_sorted"
   ]
  },
  {
   "cell_type": "code",
   "execution_count": 39,
   "id": "e37834c3",
   "metadata": {},
   "outputs": [
    {
     "data": {
      "text/plain": [
       "numpy.ndarray"
      ]
     },
     "execution_count": 39,
     "metadata": {},
     "output_type": "execute_result"
    }
   ],
   "source": [
    "type(f_pix_sorted)"
   ]
  },
  {
   "cell_type": "code",
   "execution_count": 26,
   "id": "583e6cf5",
   "metadata": {},
   "outputs": [],
   "source": [
    "f_pix_t_sorted = np.sort(f_pix_t)[::-1]"
   ]
  },
  {
   "cell_type": "code",
   "execution_count": 27,
   "id": "88527e04",
   "metadata": {},
   "outputs": [
    {
     "data": {
      "text/plain": [
       "array([[3.00260710e+01, 7.34067642e+01, 3.35209171e+02, 4.36585781e+02,\n",
       "        1.11901873e+03, 1.15173488e+03],\n",
       "       [7.08417024e+01, 1.74939779e+02, 2.05724822e+03, 2.57904791e+03,\n",
       "        1.35554210e+04, 3.29651223e+04],\n",
       "       [1.55004880e+02, 3.82971322e+02, 9.11278463e+03, 2.34510551e+04,\n",
       "        7.75686174e+04, 5.21699042e+05],\n",
       "       [1.71782958e+02, 6.85234814e+02, 2.92639355e+04, 2.33343391e+05,\n",
       "        2.43385360e+05, 1.72837801e+06],\n",
       "       [1.12576295e+02, 2.49864317e+02, 3.42083149e+03, 1.02971032e+04,\n",
       "        1.55158838e+04, 5.85303611e+05],\n",
       "       [7.18294907e+01, 1.61833613e+02, 4.01530042e+02, 6.47117962e+02,\n",
       "        1.91342249e+03, 2.51774504e+03]])"
      ]
     },
     "execution_count": 27,
     "metadata": {},
     "output_type": "execute_result"
    }
   ],
   "source": [
    "f_pix_t_sorted"
   ]
  },
  {
   "cell_type": "code",
   "execution_count": 9,
   "id": "224548f3",
   "metadata": {},
   "outputs": [],
   "source": [
    "#Converting the array into a list\n",
    "n = []\n",
    "for i in imagette:\n",
    "    for j in i:\n",
    "        n.append(j)"
   ]
  },
  {
   "cell_type": "code",
   "execution_count": 12,
   "id": "2469f109",
   "metadata": {},
   "outputs": [
    {
     "data": {
      "text/plain": [
       "0.48664043926038647"
      ]
     },
     "execution_count": 12,
     "metadata": {},
     "output_type": "execute_result"
    }
   ],
   "source": [
    "max(n)"
   ]
  },
  {
   "cell_type": "code",
   "execution_count": 13,
   "id": "46d5103e",
   "metadata": {},
   "outputs": [],
   "source": [
    "#Converting the list into a 1-D numpy array\n",
    "imaget = np.array(n)"
   ]
  },
  {
   "cell_type": "code",
   "execution_count": 14,
   "id": "ae9d0645",
   "metadata": {},
   "outputs": [],
   "source": [
    "#Obtaining the flux per pixel of the target \n",
    "def flux_perpixel_target(imaget,fref):\n",
    "    return imaget*fref"
   ]
  },
  {
   "cell_type": "code",
   "execution_count": 15,
   "id": "4691c111",
   "metadata": {},
   "outputs": [],
   "source": [
    "f_pix_t = flux_perpixel_target(imaget,5726)"
   ]
  },
  {
   "cell_type": "code",
   "execution_count": 17,
   "id": "3d3e0ea3",
   "metadata": {},
   "outputs": [],
   "source": [
    "#Obtaining the reference flux of the contaminant\n",
    "def flux_reference_contaminant(fref):\n",
    "    return (fref)*(10**(-0.4*(5)))"
   ]
  },
  {
   "cell_type": "code",
   "execution_count": 18,
   "id": "a5072b57",
   "metadata": {},
   "outputs": [],
   "source": [
    "flux_ref_c = flux_reference_contaminant(5726)"
   ]
  },
  {
   "cell_type": "code",
   "execution_count": 19,
   "id": "64b3c12d",
   "metadata": {},
   "outputs": [],
   "source": [
    "#Now let's calculate the flux per pixel of the contaminant\n",
    "def flux_perpixel_contaminant(imaget,flux_ref_c):\n",
    "    return imaget*flux_ref_c"
   ]
  },
  {
   "cell_type": "code",
   "execution_count": 20,
   "id": "2081277e",
   "metadata": {},
   "outputs": [],
   "source": [
    "f_pix_c = flux_perpixel_contaminant(imaget,flux_ref_c)"
   ]
  },
  {
   "cell_type": "code",
   "execution_count": null,
   "id": "1b3a1337",
   "metadata": {},
   "outputs": [],
   "source": [
    "# Nowe we can compute the noise to signal ratio"
   ]
  }
 ],
 "metadata": {
  "kernelspec": {
   "display_name": "Python 3 (ipykernel)",
   "language": "python",
   "name": "python3"
  },
  "language_info": {
   "codemirror_mode": {
    "name": "ipython",
    "version": 3
   },
   "file_extension": ".py",
   "mimetype": "text/x-python",
   "name": "python",
   "nbconvert_exporter": "python",
   "pygments_lexer": "ipython3",
   "version": "3.8.10"
  }
 },
 "nbformat": 4,
 "nbformat_minor": 5
}
